0.0006185573061371852 0.0004824951906396801
0.025950592215261727 0.02032801896186281
0.03438549326064354 0.02750027972306031
0.039422895095382174 0.03177946937074507
0.04528863728131305 0.037066347815364116
0.049074025601260195 0.040787473789402014
0.05455999934994644 0.04413271188419269
0.061145804419984656 0.04813644068270148
0.0639995676865063 0.053084580678344234
0.07055848045937538 0.05781101303206572
0.07404736924946627 0.05924209057122099
0.07883381253471475 0.06421949329393387
0.08503188410782615 0.06947787205032158
0.09022245657588054 0.0729872272866202
0.09353086077720786 0.07611425758073348
0.09856415393567274 0.08117652946638404
0.104064398461184 0.08471837888339645
0.11285268342744238 0.09583990895555095
0.12420924601076219 0.10403782124903767
0.12422620041325216 0.10177724725216508
0.13923833016512777 0.11641552107866483
0.14346776291765193 0.11958221510052974
0.1496998410403059 0.12234279041025022
0.16685261142812785 0.138602334327368
0.17634865235169095 0.14501829394875151
0.1898171045599793 0.1529545596458733
0.19927898043094588 0.1639877559088136
0.21041956235270765 0.1653878954175172
0.22651703059457864 0.1780433755682365
0.24354019967246546 0.18256422719946672
0.2570145153439376 0.18980482396889575
0.25539232661243216 0.19112311156874096
0.2537390183792412 0.1881740751443473
0.24744486819865577 0.18574513800105913
0.26545294423340754 0.2010482037489726
