0.00017631001906557065 0.00022485015997666
0.028185404657960253 0.024064632405779437
0.03864839156772426 0.034977982834529124
0.046015866842187704 0.040948740291121104
0.05381587018134716 0.048725648732654656
0.06133469011430023 0.053626460621356974
0.06827415908594514 0.06000429744615356
0.07554287086804103 0.0652401200763712
0.08318337157723352 0.07249540993232854
0.09198591744519123 0.08002679410453724
0.09827215618243867 0.08520522569029498
0.1051723252826509 0.0927494935791024
0.11147031859245188 0.09502703471458353
0.11917913274886477 0.10489319282140468
0.12938407469254243 0.1090181148473273
0.13182505362282773 0.11387628247589926
0.1394721562998139 0.11512296502937366
0.15143033104223871 0.1294896606687913
0.1685787234786293 0.13786980968930293
0.17095202333844156 0.13783657576587124
0.18777139875895468 0.1570242243607595
0.19169304558403552 0.1553684866040914
0.197842076835221 0.157893500409401
0.21618707165474454 0.1713977907605577
0.2262455526989199 0.17866842520626702
0.23877877829082092 0.1850233104807634
0.24803274942137984 0.19147192554042525
0.2538740320796621 0.1930209652575248
0.2676663123215432 0.20416386818839236
0.2821987654896867 0.20787168601924863
0.2925819680170516 0.2140624359009032
0.2961533155903726 0.21217215995591837
0.3037188640579542 0.215163929827961
0.31417993376071673 0.22065473680964715
0.3483870831388205 0.23877195263907885
