
# QOLO data acquisition
HH	99.0	858578.0	619030.0	398.0
HV	99.0	751976.0	621873.0	43835.0
HD	99.0	805689.0	622357.0	23394.0
HA	99.0	747472.0	622738.0	20050.0
HR	99.0	766333.0	618720.0	21774.0
HL	99.0	777530.0	620849.0	21187.0
VH	99.0	858534.0	538401.0	43093.0
VV	99.0	752944.0	537915.0	374.0
VD	99.0	801148.0	537208.0	19156.0
VA	99.0	744120.0	537129.0	22833.0
VR	99.0	768570.0	538037.0	21243.0
VL	99.0	784210.0	535914.0	23791.0
DH	99.0	858489.0	585595.0	18767.0
DV	99.0	751104.0	586532.0	24619.0
DD	99.0	807330.0	581249.0	331.0
DA	99.0	743250.0	583654.0	42906.0
DR	99.0	767219.0	588916.0	21576.0
DL	99.0	782093.0	584289.0	20385.0
AH	99.0	861153.0	541734.0	23620.0
AV	99.0	746477.0	537095.0	18776.0
AD	99.0	803062.0	543825.0	43656.0
AA	99.0	745096.0	542052.0	256.0
AR	99.0	764337.0	542388.0	20470.0
AL	99.0	783994.0	543266.0	24200.0
RH	99.0	859525.0	562279.0	19661.0
RV	99.0	748219.0	558386.0	21210.0
RD	99.0	798309.0	555653.0	20016.0
RA	99.0	745277.0	555234.0	20909.0
RR	99.0	770052.0	555790.0	244.0
RL	99.0	786185.0	560732.0	43372.0
LH	99.0	857484.0	564777.0	22547.0
LV	99.0	750437.0	571344.0	24633.0
LD	99.0	798808.0	570502.0	24464.0
LA	99.0	745824.0	569953.0	21988.0
LR	99.0	768421.0	568875.0	43096.0
LL	99.0	783474.0	566961.0	268.0
4.182335142100194157e-03 2.646792479122065528e-02 -2.851823740038458496e-02 3.708359060071164670e-04
2.646792479122062752e-02 5.012136363457221355e-01 -4.932836535772474051e-01 2.489075141839196953e-02
-2.851823740038461272e-02 -4.932836535772474051e-01 4.900739826814757283e-01 -2.216325097483491657e-02
3.708359060071240564e-04 2.489075141839200422e-02 -2.216325097483487147e-02 4.530045830701910810e-03
1.623154601755782561e-18 -8.063458629549867876e-03 7.932324197843201169e-03 -3.144989949544386640e-03
8.063458629549845325e-03 -2.069930861762384193e-18 2.267983557583939588e-02 9.809000741795551211e-04
-7.932324197843189026e-03 -2.267983557583938894e-02 7.149729570963084578e-19 4.591943257194359149e-04
3.144989949544391844e-03 -9.809000741795557716e-04 -4.591943257194189471e-04 -2.681966970897069222e-19
0.984639392149

0.994448324094

