
# QOLO data acquisition
HH	98.0	16547152.0	583925.0	42530.0
HV	98.0	337975.0	579147.0	19310.0
HD	98.0	8843757.0	581074.0	31112.0
HA	98.0	8878504.0	577475.0	31529.0
HR	98.0	8826842.0	575982.0	30735.0
HL	98.0	8830750.0	578320.0	30585.0
VH	98.0	16586210.0	506264.0	53701.0
VV	98.0	340520.0	506665.0	736.0
VD	98.0	8914046.0	505765.0	28466.0
VA	98.0	8915461.0	506314.0	28161.0
VR	98.0	8869693.0	505561.0	28641.0
VL	98.0	8854018.0	505635.0	28720.0
DH	98.0	16630476.0	508421.0	46293.0
DV	98.0	337946.0	509800.0	9884.0
DD	98.0	8981339.0	508433.0	19953.0
DA	98.0	8933726.0	507895.0	37269.0
DR	98.0	8863079.0	508330.0	27624.0
DL	98.0	8856511.0	507296.0	28183.0
AH	98.0	16653552.0	551735.0	48819.0
AV	98.0	338344.0	548721.0	10169.0
AD	98.0	8926625.0	550702.0	38975.0
AA	98.0	8991914.0	549598.0	21674.0
AR	98.0	8868472.0	552450.0	29971.0
AL	98.0	8943550.0	552354.0	31162.0
RH	98.0	16690169.0	533090.0	46938.0
RV	98.0	337192.0	530740.0	10211.0
RD	98.0	9003483.0	526454.0	29182.0
RA	98.0	8995774.0	531900.0	29058.0
RR	98.0	8873220.0	531353.0	20311.0
RL	98.0	8969917.0	528486.0	38053.0
LH	98.0	16733521.0	532286.0	47342.0
LV	98.0	339036.0	524868.0	10030.0
LD	98.0	9036460.0	528240.0	30473.0
LA	98.0	9038095.0	533506.0	30268.0
LR	98.0	8958345.0	529579.0	38187.0
LL	98.0	8946584.0	528883.0	20512.0
3.582456822152443876e-01 -1.251917492667950884e-03 -1.453197758178798732e-02 2.199309427624614958e-03
-1.251917492667945463e-03 1.669278879583268871e-01 -1.490232086494845953e-01 -1.977272108461315854e-03
-1.453197758178798732e-02 -1.490232086494845953e-01 4.682343759252336479e-01 1.727348962081150935e-03
2.199309427624611055e-03 -1.977272108461316721e-03 1.727348962081150067e-03 6.592053901195157189e-03
-9.612196804660953108e-20 6.501465350138884358e-04 4.328894502802767101e-03 -1.086814000300141171e-03
-6.501465350138876768e-04 1.236700133440473224e-19 1.413758412149580942e-03 -2.505549352955476622e-04
-4.328894502802757560e-03 -1.413758412149580075e-03 -5.380778354474078362e-20 1.456408192281551757e-03
1.086814000300143123e-03 2.505549352955447348e-04 -1.456408192281548070e-03 2.625973824730295921e-20
0.420405611548

0.683084435679

