0.23282673954963684 0.09013962745666504 3.684182472984965e-11 5.266076116838825e-11
0.23374038934707642 0.10957065224647522 6.238954491921689e-11 5.996134144758969e-11
0.25282350182533264 0.10849636793136597 8.046308064280083e-10 4.328221114846542e-11
0.29469984769821167 0.23327991366386414 2.295028025400825e-05 1.1458349035819992e-05
0.3629508912563324 0.23327991366386414 0.0947759747505188 0.0832454264163971
0.4998297393321991 0.400850385427475 0.24619075655937195 0.23735514283180237
0.594819188117981 0.46020030975341797 0.39089512825012207 0.39152368903160095
0.6872701048851013 0.5854669809341431 0.5371804237365723 0.5446276068687439
0.7722918391227722 0.7219193577766418 0.6930254697799683 0.6972657442092896
0.8689723014831543 0.8466016054153442 0.8458585739135742 0.8437997698783875
0.924012303352356 0.9739452600479126 0.9811787605285645 0.9835389852523804
