0.37583670020103455 2.6250049356413285e-10 1.422809092765931e-10 2.8845670426921877e-13
0.38785386085510254 2.0121851407317592e-10 2.5096702493954126e-10 4.588140306051314e-13
0.3972020149230957 1.3505372820077355e-08 2.663426590387985e-09 5.589635421188177e-09
0.4144110381603241 0.0004968345165252686 1.625171171326656e-05 8.742089994484559e-05
0.423139363527298 0.10536620020866394 0.07685571908950806 0.09412142634391785
0.4577096104621887 0.2491246461868286 0.24410134553909302 0.23773440718650818
0.49463367462158203 0.38886183500289917 0.3949589729309082 0.3900831639766693
0.5399724841117859 0.538573145866394 0.5467371344566345 0.5377960801124573
0.5897268056869507 0.6924381852149963 0.6943631172180176 0.6899504661560059
0.6804943084716797 0.840173602104187 0.8585247993469238 0.8427352905273438
0.8299562335014343 0.9767782688140869 0.9749468564987183 0.9815677404403687
