0.17885825037956238 6.69168258582431e-08 1.1646561319522686e-11 1.3494312611772585e-10
0.16404592990875244 9.646301890597897e-08 9.179020390992498e-12 2.717013558584114e-10
0.1703324317932129 2.2034032554074656e-07 3.242553794913228e-11 1.9602950374064676e-09
0.2460697889328003 0.0001620650291442871 0.00024253129959106445 2.9625680326716974e-06
0.3052939176559448 0.11567080020904541 0.09495696425437927 0.07074978947639465
0.4800536036491394 0.2693037688732147 0.25149694085121155 0.24314576387405396
0.45337986946105957 0.41245484352111816 0.4074934124946594 0.38954025506973267
0.5035756230354309 0.559477686882019 0.5618469715118408 0.5368310213088989
0.6157546639442444 0.701291561126709 0.7133220434188843 0.696111261844635
0.880054235458374 0.8536772727966309 0.8632681369781494 0.8421130180358887
0.9528324604034424 0.9806123971939087 0.9863159656524658 0.97406005859375
