0.2681313753128052 0.04108399152755737 0.11156615614891052 2.0690102802149897e-14
0.2588447332382202 0.03363388776779175 0.10959085822105408 4.213027360788421e-14
0.2566717267036438 0.030255794525146484 0.15563759207725525 9.602317205259503e-12
0.28043004870414734 0.05835220217704773 0.231889545917511 4.58796830571373e-06
0.33344733715057373 0.20181208848953247 0.30853143334388733 0.09039852023124695
0.3630208671092987 0.3145972490310669 0.44900089502334595 0.2488517165184021
0.42031097412109375 0.4367578327655792 0.5235379934310913 0.3965892493724823
0.49941086769104004 0.5648731589317322 0.6090466976165771 0.5447943806648254
0.6011824607849121 0.719745934009552 0.709584653377533 0.6955952644348145
0.8611279726028442 0.8701080083847046 0.8353303074836731 0.841489315032959
0.9321961998939514 0.9778510928153992 0.9695887565612793 0.9795163869857788
