0.21149230003356934 0.01960909366607666 2.2986194478713515e-17 1.1636969166062272e-11
0.14275223016738892 0.01795363426208496 3.1482348529980424e-17 2.1163744368113413e-11
0.15315517783164978 0.04596114158630371 6.767451894284116e-15 6.441224636999365e-11
0.19738289713859558 0.1268690526485443 0.00034159421920776367 4.935918695991859e-07
0.3555373549461365 0.2008592188358307 0.10371416807174683 0.09720450639724731
0.45569130778312683 0.3065909743309021 0.26179611682891846 0.2344568967819214
0.5799533724784851 0.46893423795700073 0.3989367187023163 0.3905238211154938
0.6884787678718567 0.59843909740448 0.5412002801895142 0.545190691947937
0.8092326521873474 0.7228378057479858 0.6956144571304321 0.6944159269332886
0.9162325859069824 0.8535230159759521 0.853448748588562 0.8483966588973999
0.9547652006149292 0.9664663076400757 0.9776937365531921 0.9726309776306152
