0.0 0.07863052690674072 0.35702793153275253 0.6011597812764216
0.0 0.07850242959017349 0.3919009754593182 0.5744410359580939
0.0 0.09775898443706184 0.3416356758928898 0.5881790735743087
0.0 0.1389993082029801 0.40162235743742664 0.6201429882257343
0.09999969116255045 0.24492850970433974 0.3807267537160164 0.5794011481356072
0.24999979088972224 0.3294154737389255 0.4139282670266362 0.6213852561819052
0.39999973692735447 0.463257724738129 0.488603350659915 0.6088627712527287
0.5499997649592584 0.6079405396425134 0.5719925237534579 0.6143305754559659
0.6999997631127277 0.733060868741957 0.6940672915971452 0.6075812366378588
0.8499998440316857 0.8606976510794248 0.7955594701628219 0.6615018684112041
0.999999836853906 0.9946260055530494 0.9491366706157615 0.7539750496369401
