0.0 0.09187019675057814 0.2185745374449409 0.26240472847571755
0.0 0.09470575889880989 0.23008643150771593 0.28170544113080354
0.0 0.1025020337380333 0.20665491813238226 0.2621189857849393
0.0 0.12692281925495363 0.2145641003565732 0.26782280912654177
2.7755575615628914e-17 0.1380430441222285 0.19798787300787704 0.24424101905661696
0.0 0.15772175272968514 0.19882208582535368 0.23581523748840302
1.1102230246251565e-16 0.1324292118040039 0.206996675061989 0.22183454527760785
0.0 0.09877437096668455 0.18835277260189803 0.2524611689030784
0.0 0.08236429967360195 0.19055061073280127 0.23638974709335756
1.1102230246251565e-16 0.04660584013198445 0.13485527890663862 0.2608217973636309
4.440892098500626e-16 0.004994071218832317 0.09786545442249177 0.20873317584058143
