4.535682819550857e-05 0.0052245986461639405 0.11293848007917404 0.3425892350077629
0.0002644062042236328 0.008261320292949676 0.11399452358484269 0.35713712364435196
0.004892945289611816 0.021779851615428926 0.13031448990106584 0.36785068571567536
0.04913422465324402 0.06628037571907043 0.1447918602824211 0.3654449638724327
0.1530979871749878 0.1702882331609726 0.18887675493955614 0.3278286215662956
0.2839949131011963 0.31210399597883226 0.2736756354570389 0.3736791670322418
0.443230003118515 0.4409950232505798 0.37650613993406296 0.39412278681993484
0.5918466448783875 0.5812480697035789 0.5195948243141174 0.39056536197662356
0.7399959564208984 0.7301005494594573 0.6899473085999489 0.4337717255949974
0.9097148180007935 0.9037419301271439 0.8414328709244728 0.5253703519701958
0.974153995513916 0.965188382267952 0.9221010273694992 0.6167448118329049
