0.0 0.004249528279376221 0.05428512520001124 0.17777738432635734
0.0 0.008340645704073927 0.056439552517270966 0.16481770196043843
0.0 0.014475866559972798 0.05924353893060688 0.1629303940116086
0.0 0.028320385612197144 0.06246118265032792 0.17709257337219467
0.0 0.04185854025376528 0.08482858612965291 0.17259077734011957
0.0 0.038292465815268406 0.10710424806413812 0.17575123778095467
0.0 0.03538017183685627 0.14422649030795945 0.18627869637594344
0.0 0.03844875013101375 0.1625697790115841 0.20521008375641378
0.0 0.04886224862984194 0.18203057204577697 0.20722619400401424
0.0 0.048325705077332026 0.1445754046826865 0.19388339211620373
0.0 0.012273922341617864 0.04606841870765288 0.19822144349411536
