1.143810625174296325e-01
7.684187905150598186e-02
5.952037220142003537e-02
5.857443209186475458e-02
5.148452620494305826e-02
5.009739845912822981e-02
3.898945971470351574e-02
3.270015671394570916e-02
2.808000427173751312e-02
2.540412527125841813e-02
2.258453421742442901e-02
3.142691454496892439e-02
1.376288839676697261e-02
1.224243626604206402e-02
1.292822316741883137e-02
1.218235700442153215e-02
9.161571200991463354e-03
1.032225850906232784e-02
1.118485383255473330e-02
8.999624818460602582e-03
9.757044424604227953e-03
9.868947820138028112e-03
1.593608921781897517e-02
1.112699474871548487e-02
1.005666980630119146e-02
9.042631673505120357e-03
9.105591512110738917e-03
8.823102291775285558e-03
9.072046496398221416e-03
9.051305066494269233e-03
8.892402803438670400e-03
8.720794562954822110e-03
8.985764937419515527e-03
9.481109081985347048e-03
9.468009018522528450e-03
9.436605060849407797e-03
9.037553036864291386e-03
8.931857662508362050e-03
9.442127051812717123e-03
8.898919697292737366e-03
8.692386049607649448e-03
8.822214752546197331e-03
8.972896741297546955e-03
9.063998632091551169e-03
