1.065756499949865738e-01
7.046859194567532680e-02
5.948339288531315910e-02
5.966862046402665598e-02
5.198244453979631446e-02
4.855151956418366638e-02
3.739075317461759695e-02
2.933479122736619080e-02
2.522539489263271248e-02
2.187338563534545546e-02
1.973715650062850616e-02
2.751899849647632124e-02
1.231397542461401019e-02
1.130636577711042513e-02
1.160159145394860751e-02
1.122660602834375798e-02
8.762623012408363166e-03
9.781025487194198662e-03
1.038531550142436123e-02
8.551762706760957997e-03
9.463982928853283474e-03
9.540895115531926665e-03
1.429951383298742364e-02
1.049317443427559560e-02
9.515013140832246155e-03
8.708731152891620308e-03
8.797063281880490235e-03
8.461094851370658601e-03
8.659992401478860610e-03
8.586069792616104687e-03
8.617006287249831531e-03
8.458342078609062606e-03
8.541095346684018583e-03
9.081834666241973483e-03
9.160745656203827039e-03
9.042556684903729422e-03
8.691141025965921571e-03
8.617924490418647429e-03
9.248843960982921358e-03
8.702705627451933976e-03
8.421073959092483657e-03
8.391958796830216102e-03
8.881383237128471012e-03
8.768745795117742145e-03
