0.00012532768408416253
0.0015837316981747603
0.002341023876316969
0.0027331747991266426
0.0030593155918558113
0.003319150293823952
0.003776142855339784
0.003953363134392901
0.004402427718309549
0.004769299731551899
0.004530563715192786
0.004967045948965838
0.0050269393459341045
0.005485911175634412
0.005689999119084008
0.005700431984997745
0.006374004794748099
0.006296703991822603
0.006528006208655055
0.006923762695520783
0.006629979064769882
0.007313813007842372
0.007551994696523484
0.00683723977967862
0.007427265287420234
0.008134888064759122
0.008070681479943099
0.007818118628579387
0.008516626291397905
0.008232663582900044
0.008387898418947194
0.008738268535412985
0.008539153460252049
0.009025934055146864
0.00863969717278111
0.00851000976140596
0.009342123962508305
0.00996402767375886
0.009714490940050327
0.009730571571790667
0.009641909577673228
0.00985378772133239
0.010295934963200772
0.010419126462843526
0.010372052270681104
0.010466566021574225
0.010316554873930931
0.011374423573356534
0.010571682684688952
0.010299333880548536
0.011084573134244593
0.0123001967189
0.012018353874743346
0.012353226074182062
0.011748780255119003
0.012411396469833118
0.011826850741584351
0.012348530523902876
0.011862610301867553
0.01241523305541421
0.012706961132583353
0.01179345339978108
0.012726409985795266
0.013685905948122256
0.013328716417423465
0.012820222797661469
0.013613594570919806
0.014441039855423436
0.014060107648063628
0.014203963686120131
0.014869791477088515
0.015623209493062104
0.014190035048173115
0.014307756868610301
0.014440550485609115
0.01518629790822705
0.01556251319831771
0.016205729530046023
0.016445108040666127
0.015150213612721288
0.01606389308922828
0.01586531344971623
0.015838882360595073
0.017126209954454654
0.017858490894975588
0.017376094155443896
0.015518753238949553
0.01760884360628091
0.01912460004329118
0.016942417628011127
0.017374836660789244
0.01845047596008066
0.018997976052479815
0.017891674510420924
0.01796172508856417
0.018580444971538518
0.01804362181967135
0.019085840358638292
0.01929144512993508
0.02054431064744422
0.018729502194240695
0.01992171617285159
0.019685288832696504
0.019436337024348938
0.021880716430408332
0.02189002807216782
0.019477176880996948
0.020323864363116582
0.021883171475623325
0.022135684746585754
0.02136086318299373
0.020842270304057334
0.02101663522844531
0.02204710611665215
0.02248257275565713
0.02228425411932298
0.021363592930034134
0.023024493168348738
0.023928804067716455
0.024106813066466816
0.022742262619824673
0.024437841073145974
0.02387544944906229
0.02199033135840644
0.024293581686751494
0.024996888405836346
0.024991291731354653
0.025382316108905675
0.02549290130470123
0.025882682365850007
0.026416388017949138
0.02626617922046939
0.025295535203060788
0.027609508610339274
0.025954007474073677
0.027761931304596674
0.027255645263517318
0.028908046201524266
0.028227054523743453
0.02864142927811348
0.030615363067355773
0.029861230368520855
0.028235190233958513
0.028958319551336712
0.03031406907028457
0.03134523649586596
0.030112947660497987
0.029534364727092952
0.03674418820841646
0.03305048631681961
0.03342329494151177
0.03262113628080333
0.02914806976825605
0.031197680425828177
0.035643981148319535
0.03541378714145004
0.0349351418217989
0.035022926357971676
0.03676999789775743
0.0353054422120542
0.03884196825463373
0.036378982480607606
0.037096502265556816
0.03717724550607686
0.03526041415190419
0.038520233762042964
0.03895386653453127
0.037168564313682526
0.04124561472055359
0.04121603725960864
0.04257564182788915
0.040399457117387724
0.04095805055911998
0.042753852951271674
0.04322662447494677
0.0451874409390426
0.044172339545024294
0.04422441299341253
0.04450960830924899
0.04525045074665781
0.04686635750786005
0.04723127810496527
0.04986763843068726
0.04729041422002064
0.049970374501860794
0.05040685036533016
0.04736044388585045
0.048344827358212904
0.050494141956035535
0.054693589112699295
0.05320673272408901
0.053907427258464244
0.053446831463876555
0.053655830735207875
0.05822077430321931
0.056603098411471216
0.06239396500493391
0.06236036091647361
0.06683171277701717
0.06459740125758523
0.07242607628539834
0.07601234105356196
0.07903970316081783
0.0804576827732162
0.08502606632692397
0.08343017812454163
0.08891959857288248
0.08563226562697908
0.08622299423680396
0.08964327680383016
0.08801752077110668
0.08469684885672069
