9.449319320222461e-05
0.0027263846128277773
0.004089834788851366
0.005001608939492806
0.005634677124534457
0.006244969990301893
0.0069268089423287745
0.0076423531736459025
0.007999677689817252
0.008644566954364285
0.008933654646924508
0.009126363084647019
0.009449048031738516
0.01025906988241329
0.010424563051276838
0.01078768481565843
0.011364901603380512
0.011618236252218838
0.01197131202518436
0.01251417989245287
0.012524016902868827
0.01319211890862461
0.013838373410225806
0.013483943529735518
0.013534144746309113
0.014510144722444461
0.01472951819415158
0.014490502387210502
0.01504560592958569
0.015491766076735164
0.015474275321479885
0.016335045803680934
0.015619271123693632
0.017101840412854025
0.016892720203755176
0.016625841014683854
0.017393124118392847
0.01780370747262367
0.017888329705306547
0.01822095079351393
0.017835205304452217
0.018386360971063193
0.01892476440652881
0.018730580964303366
0.019366780039007075
0.019713306058898407
0.01957138400480921
0.02072337218422421
0.020144173421174815
0.020009249926816585
0.02125037081763164
0.021682179631793082
0.021537316814799007
0.022341446612163286
0.021909592891737738
0.02273491345293601
0.02251497566629119
0.022704670859871837
0.02311826116351385
0.02312821068151527
0.023511142549767966
0.02426445727256727
0.023427642877361845
0.02456909317544819
0.02411486445426624
0.024693820356671312
0.025157909096526317
0.025755914357179395
0.02653882524196653
0.02598829150744499
0.026386114015796533
0.02714043094589704
0.02705747183237857
0.027759280147539648
0.02782203537253733
0.02735172076813596
0.028504895136802842
0.028682107150697893
0.029180098412226855
0.02963562670095002
0.029604036812326415
0.029253675348540748
0.029443184481682642
0.031179472047626524
0.03071131840903221
0.02978456069909002
0.03150273378286583
0.03166604739818357
0.032948612865732634
0.031530774133295844
0.0327746158980412
0.03328699694575855
0.03411866755586163
0.03351851370507785
0.03391735954961295
0.03447724754775898
0.03445444939580447
0.035026124779212464
0.03586560740026281
0.036690326511036014
0.03595761428659908
0.03600385771693025
0.03625519972150281
0.03701237122175707
0.037431919378402935
0.03769279238469016
0.03691391640313621
0.03756106514007745
0.03939498866057424
0.03985465335022407
0.039437779277489156
0.038910205894836576
0.03951009860485678
0.040754915510979255
0.039539827886501816
0.04205725302517279
0.04044989199182667
0.04124874436256174
0.04305653361161996
0.044074871980043125
0.04377391460876452
0.04297014044776778
0.04435769349084943
0.044390988998037305
0.046530479155531435
0.0459444306081327
0.04604494226353614
0.04708572091054599
0.04763444431973298
0.048021031273325916
0.048397384736732336
0.050697960776569656
0.048375241535577714
0.050157653590481965
0.05048451212728686
0.05029195775701345
0.05217113356458862
0.05337504631641573
0.05295665977553285
0.0527339448821666
0.0540457642422263
0.05569413230822235
0.05383026916560715
0.054996521871367145
0.05632069304644927
0.05613817340291675
0.05816445614015581
0.056534170166138493
0.06201560092303844
0.059857968815018835
0.0604490611678374
0.060144586817617515
0.06032994565784905
0.06179686061773458
0.06460439469652894
0.06547008315065476
0.06328831203111938
0.06725237309346066
0.06876807688042692
0.06762728959830472
0.0699490611066321
0.07157402613410206
0.07155297463735248
0.07284064821057502
0.0723750527505255
0.07412552305454494
0.07295686662284136
0.07606955611600902
0.07865375471281164
0.08026438070676442
0.0815889407306685
0.08089739594198334
0.0827817913252053
0.08404938051785954
0.0862755304445995
0.08636454498919356
0.08935531833438025
0.08962757693863607
0.0921170885108353
0.09330491823986098
0.09608964872894563
0.0978512949443579
0.10050405606251829
0.09824110615447297
0.10333824958456356
0.1044713645752638
0.10849023676944897
0.10864619634845461
0.11084401677837252
0.11316678580139437
0.11497932240174893
0.11979505385643845
0.12442719691026591
0.12467443229092978
0.12732521713890346
0.13228131062939297
0.1332763618889372
0.13467629835359346
0.14287183947924603
0.14265496373045478
0.1564127318644368
0.157907394567952
0.1649506748962472
0.1740050361897866
0.1718365712453948
0.18598016768766346
0.19583074549537355
0.20442596759960227
0.2092161045360145
0.2094120241922871
0.19990755296039983
0.1864595678440993
